unlucky
unlucky
66
300
80430
80750340926077
101
88
unlucky
90208090090226
60224000804
12
6402004
9191
52060072054
unlucky
70775690
8000780240500803
unlucky
934020032
41600300023700067
unlucky
99646392228950020
9030020537086501
unlucky
5100
3000000008000220
3
500413
90000000060108
80610
unlucky
400640
unlucky
90801903
5008802
unlucky
980084107410
3000007211
unlucky
3100500680
808000040015
803
6000400404200911
94
830113550706010
90060095000008
82361259077
20100300006
99650032
unlucky
unlucky
9007040013
unlucky
2006038376802
96902086002739
7300210015
3000038
400001370207
648000530003034
unlucky
unlucky
17
70
9560002000040098
9288008
70014752
95019
8
unlucky
900408
60000019
91
36
8808500869261
9610011
810010500005
unlucky
17
83
unlucky
8064552300015604
5000803
605
34000501
unlucky
40
50060091003040145
40017455009009
41136902009
954011
90057
5033107
unlucky
8070051
710002433
13
9006
640507070179013
63611
