10066340
10813098
12248253
11850658
10609487
12197454
10603521
10775941
12408658
11460704
11784861
11067439
9807171
10446898
11068857
11893386
9446383
11034271
9407106
10245479
12053527
9558699
10739603
9740068
10441780
9697119
11605551
12123888
10546702
10219275
10842662
11623613
11871334
10786512
9812418
10848790
9828692
11674750
9856494
11325623
10162327
9624458
11476542
10729852
11712980
9909635
11542355
11038426
12025168
10705506
11115255
11933063
12319389
12283914
10533716
12436338
9557927
12168981
11890699
11535326
10549916
9844197
9709610
10726008
10616507
10922791
10433471
12493099
10713326
9562020
11180596
9859533
9950210
12440874
11627586
11330837
9441215
11814361
10393243
12327230
10319061
10129896
10131384
12124334
9948118
11480916
11868853
11354015
11682369
10809433
11130503
9533851
9751737
11206662
10099691
10641295
11331541
11216472
12353091
10673719
11072714
10237709
11786421
11289053
11602519
10613943
10637777
12224489
9951765
11644754
10912985
9554348
10593456
9817672
11405378
10229023
12417718
10402209
12124751
11452082
10593562
10875328
11284886
10499095
9595872
11319403
11092677
9361589
10468301
10614471
12375288
12427037
11690751
10746672
11481200
11225380
9994155
9987963
9654407
12347288
10823300
11722480
11950104
10672773
10189809
10443312
10819423
10957694
9874903
12270375
12162641
10842747
9528641
10504328
11415046
11383481
11802394
9578504
10302908
12291380
9475409
11416919
10280330
11997248
9751977
11878840
9463584
10657819
9630411
10771144
10080672
10925040
10899251
11765590
11829745
10315987
10592375
11719485
10495082
11046611
11216724
9371969
11267607
11624348
11432283
11967561
9465296
10106104
9526248
11112714
11308962
12246606
9323996
10797342
9573999
11608128
10518103
9807559
9790886
10132582
10886504
11383884
11827925
11791352
10387889
10655246
11751402
12469166
11318062
10269723
10820116
11310301
12415117
11370410
12369548
11684800
11010447
9816250
10685071
12364097
12177497
10150188
11113669
11978867
10702460
9712240
12085761
11047281
9501507
9840612
9599189
12331286
10849539
11302115
12135972
10584475
10710914
11294254
11121406
10177025
10436884
11534195
12347674
10153256
10219598
11384804
9407280
10235068
10994960
11112300
12239269
11878243
9817112
11307187
11708990
9920032
11417025
11698374
11760821
11247057
12488655
10951105
10223427
10304138
11608172
9437392
9339447
9701808
12087976
12331330
10707240
10024388
11512127
9474946
11531448
9568768
10286892
11880925
12218523
9388201
11102628
11647716
10693484
9892347
11145396
10004950
11931341
9817389
11168840
9953038
12399512
10788447
11969833
11353094
9418808
11796580
9715626
10300457
12470942
11321382
10149731
12285111
10987633
11634192
10432825
11696484
12126942
12115474
11806581
9767708
11568267
9975298
10631445
10130758
12382461
10758267
10150664
10502151
10864690
11454408
10687693
12272693
12146021
10653132
10618282
11709468
10424257
11721253
12432606
10130129
11945376
10981965
10971420
9377342
12348256
10433972
9875924
10808805
10561663
10320157
11808048
11635049
9471015
10273606
9400228
10044040
11791348
10095475
10392241
9913542
11488290
11970740
9409160
10499879
10933286
12098376
9442290
10154756
12094892
12091053
9950732
10122003
10583631
9815298
10344827
9846771
11693135
11104022
12299786
11099013
11252326
11628928
11516094
10284388
12095104
10972826
9636314
11911370
9459991
10076724
9886223
10549007
10830081
9811652
12200501
10968977
12186289
10613893
11022610
10394761
11073142
11539489
10560234
11998795
11058740
10721918
11735641
9665313
11519933
11352631
11285096
11566821
9446588
9341490
11940817
9753105
11368828
10890049
10773075
9798568
11541264
10365394
10416921
12349255
12122530
9584480
12229836
10064638
11268015
10594911
12493278
12081199
11798760
11507484
11148835
9974924
12166332
12139952
12027655
9559725
11565396
10909828
12177388
11045676
10584518
12387698
10604275
11922857
10469676
11100615
9809652
12165229
12233870
9815824
12315012
10685823
10417619
9571322
10873157
11087278
11168966
10041604
12160712
10162576
9998537
10307183
9773837
11112725
10268085
10299204
9757142
12088833
11813089
11958915
10446638
10285926
12249636
10665195
12157717
9617506
12158392
10979272
12231211
11666375
11305189
10396361
9616021
10579774
9419511
12381488
9999935
11688364
9912156
12173764
10687698
11832025
10180562
10000486
10192203
10556241
12258274
11562458
10041442
11573780
12015838
11076982
10847256
9663890
10681149
11474150
9496789
9629657
10012503
11580700
10501722
11783077
9491769
11170940
11092639
10458882
10673501
10826314
11120419
11003088
11147010
12019636
10791483
10980535
11627050
9819424
9982448
11918804
11296165
10993411
10250863
12118295
11684169
12296739
10497325
10905208
10872291
11776542
11208401
9677903
10309465
9960866
9471663
11346704
11163964
11104923
12424635
11887969
9711564
10672715
10514183
9603659
11463061
12335794
12010430
9385932
10723458
11114238
11853544
11299663
12010357
11570555
12391388
12435334
12059748
9636884
12320616
11999451
11898811
10783185
9565153
10494110
12054849
11416731
12132792
10194581
9760239
12454168
12284933
9571287
11012834
12189193
10880009
12168375
9968760
10188679
10842657
11049644
10304843
11699704
11565594
12355877
11228265
9559740
11693498
11369546
12138785
10526868
10201512
10123319
12265454
10169700
11843975
10675972
10436398
9829517
9308038
10804544
10530185
10611348
9450918
11055411
9619542
9446239
9362964
10929608
11456540
11751990
12427578
11656182
11988785
9841799
11457455
11397925
11748051
9506844
11823785
9751617
10447235
10606147
10829840
11218699
12245380
12331818
10525780
9808126
10978509
11444853
11248227
11806181
12444444
10849185
9719949
9872890
11080107
9793378
10788251
12226894
12306959
12438162
10512900
9801666
11676641
10620804
11784193
11839069
9546422
10968191
10330475
10934337
9685368
11738130
11598918
9515672
10655999
9536799
10441085
9855532
9890045
10408411
11766621
9553100
10592083
9908971
12084005
11578078
10198105
11245006
9496560
11260806
9690718
11667571
12115194
11901275
11980755
12194965
11011956
9656050
10824489
9848425
12208930
11162904
10707666
10012838
10401128
10165928
11117384
10436777
10959219
11525104
10075504
12185346
9956054
11507588
11762136
9943052
10682830
10819644
12240424
10789922
12338940
11204864
12348890
11685750
11626139
10185185
9991077
10418253
11777822
11382688
9951492
12389249
11804418
12044722
11251291
9918401
12188591
11887207
12257541
10329861
10111006
11810414
12102059
11315673
11914449
11906495
11491760
10430098
10279147
10659073
10155019
10497156
10410097
11502945
11145484
12262564
12083185
9723178
11221990
11323629
10622437
9428150
10254307
11326178
11795878
10136798
11598032
10935619
12418198
12189340
11204011
10028006
10673643
11097188
12414805
9516421
10934068
12119857
10698340
9967937
12311936
9927851
10487645
11181263
10521541
10755407
12318854
9937503
10296549
10934162
9462175
10483750
12456849
11860174
10574265
10409468
10171935
12284082
10957940
10012971
9843877
10510169
9313182
9620934
11075252
12442282
10070564
11526556
11964246
10596902
11661487
11612145
10249804
9400198
10034394
11486464
9959637
11381689
11768162
9300538
12475172
10991007
11910028
12441432
12327636
10899806
10421790
10284453
10485404
10251715
10865511
9797909
10694208
10754939
10405158
12387840
10982280
11115028
12037083
9902657
10099063
11562540
10163421
10714201
9401118
10737527
10942341
11265159
10697152
11782005
11959187
11035114
10769839
10225722
9811401
12022354
11800289
11121853
10416382
9879310
9674895
10729260
12349599
10170988
10109987
10232003
10989641
10680839
10162023
10376834
9980099
11571081
10656923
11914718
11012370
11197280
11850902
10625953
10289837
10872060
10664869
9686846
10334628
9766699
12481723
10796884
12277339
9653895
10759083
9758519
12293622
11491880
10635143
10825800
10362639
11996418
12036880
10718684
11204446
9405063
12212359
10840033
9956299
10706638
9806789
9620431
10399510
12051521
10629578
9877138
11572254
11972407
11849816
12193740
10326432
12474748
10840822
11350363
11472971
11784476
9781386
9655981
12246768
10083612
10909941
11723125
10008738
9757972
10126751
10344905
9539987
9941555
11264044
12377468
12081297
10867869
9900437
11687720
11208655
11207667
11791536
11397511
11141098
11580292
11403599
10106189
11789713
11517046
9527084
10883396
10559675
10196595
11551694
11423452
9762726
11972658
9631402
12427992
10329567
10560772
9592194
10104164
11045608
9760822
11272658
9827269
12426319
11511703
10683003
10577535
11360618
10162719
10929528
9698135
11829554
12496963
10035561
11217293
11573701
11731837
11716970
11558976
12091820
10710763
12291176
11991196
12365666
10259960
9497414
10270116
11873241
10287840
9475686
10706097
9851558
10193934
12276001
9712179
10102752
11776847
11065165
9821836
11117629
11711772
9508926
11348946
12362587
9778290
10695785
9568762
10987065
9882872
9461232
11824420
11727006
9674631
10028496
11820699
10347203
9849503
10259498
11748388
12116314
9777837
12168603
10148308
12161867
9852403
9421503
10838320
9976408
12238162
12043637
10284615
9766771
11204240
12269195
9687944
11444440
12206465
10514763
11025723
11347620
11427775
12126351
11137404
9995703
9587670
11859814
9344988
10505211
11197929
11792755
9629243
9981827
11487097
10092217
9552344
12263162
11192817
10167671
11874514
9631160
11053449
9447891
12488189
10852934
11200115
10765577
11023109
9849724
10829711
10847289
11617686
10942076
11284879
10619785
11698919
12346599
12058531
11795653
10507425
10168301
9779184
9811035
10618438
9691291
9909821
11831181
10085133
9860702
9915815
10694669
10122987
12230566
10488188
9315451
10042962
12386167
11061444
11861483
10334964
9539133
10528953
11275510
10934379
11017627
11274899
12321597
10541906
11582307
10176927
10794000
11314202
11034914
9473377
12189976
11242467
10744718
9982475
9835755
9523325
10982267
9632119
10699406
9921976
11274594
12262524
9723061
12024023
9419435
10025748
10930064
10265269
11675569
11217506
11034696
10055737
11870456
10272316
10431082
10654528
10903998
10142688
11054797
10363684
11894889
10728069
12390811
10103225
12265123
10678649
12224873
10918898
12399049
10448409
9430350
10117180
11460846
10550220
10454368
10537667
10152952
11308939
9515553
11848851
9923354
10677422
9838507
9925794
9715928
9478352
9483310
10706132
9601926
10649810
10939149
12496963
10684780
9690962
10662400
9459917
10097553
11934666
10849255
10288720
9768081
11367021
10279731
11809858
9305403
9685250
12324871
9781803
11249788
10848382
9395219
10507552
9442690
10536115
11343307
12145934
9774494
10813810
10964687
11126846
10019201
11039579
10767999
10236765
11408178
10513151
10589905
12330515
9812772
9897980
11762891
10488185
12199786
12194554
10525467
11814625
12132797
10331343
12161546
10214933
12036448
9848085
12376347
10522336
12402983
10793245
11144145
12195329
10324587
10897551
10677024
12185562
10500396
10088759
12461362
11971832
12324321
11801243
10087296
10599185
10362744
10488862
11480264
12005161
11625392
12117014
11672216
11382446
12266253
10165736
12366607
9509708
12157956
11209198
10668382
11896855
9768412
12218259
10374411
9551781
10548333
763600
1292399
4377266
2183141
6066010
